0 0.4878863826232247 0.7307692307692307
1 0.5639097744360902 0.7307692307692307
2 0.5238095238095237 0.7307692307692307
3 0.52046783625731 0.7307692307692307
4 0.5998329156223893 0.7307692307692307
5 0.5547201336675021 0.5641025641025641
6 0.7059314954051796 0.3717948717948718
7 0.7568922305764412 0.3717948717948718
8 0.8863826232247285 0.6410256410256411
9 0.9064327485380117 0.8076923076923077
10 0.8563074352548037 0.717948717948718
11 0.8980785296574769 0.8589743589743589
12 0.9264828738512949 0.8974358974358975
13 0.8462823725981621 0.8205128205128205
14 0.8412698412698413 0.8589743589743589
15 0.7815371762740184 0.7564102564102564
16 0.8738512949039265 0.8589743589743589
17 0.9298245614035088 0.8333333333333334
18 0.9055973266499583 0.8717948717948718
19 0.8738512949039265 0.8461538461538461
20 0.8504594820384295 0.8589743589743589
21 0.8203842940685045 0.8333333333333334
22 0.85421888053467 0.8461538461538461
23 0.8467000835421887 0.8589743589743589
24 0.8822055137844612 0.8589743589743589
25 0.9164578111946533 0.8974358974358975
26 0.9214703425229741 0.9230769230769231
27 0.9298245614035088 0.9102564102564102
28 0.9348370927318296 0.8589743589743589
29 0.8863826232247285 0.8205128205128205
30 0.8939014202172098 0.8461538461538461
31 0.9281537176274018 0.8846153846153846
32 0.9055973266499582 0.8461538461538461
33 0.9022556390977443 0.8461538461538461
34 0.9106098579782791 0.8205128205128205
35 0.8688387635756057 0.8333333333333334
36 0.8755221386800335 0.8205128205128205
37 0.7326649958228905 0.7564102564102564
38 0.8053467000835421 0.7692307692307693
39 0.8617376775271512 0.7948717948717948
40 0.8951545530492899 0.8076923076923077
41 0.9122807017543859 0.8076923076923077
42 0.913951545530493 0.782051282051282
43 0.9164578111946533 0.8461538461538461
44 0.9289891395154553 0.8589743589743589
45 0.9340016708437762 0.8717948717948718
46 0.9314954051796157 0.8846153846153846
47 0.9373433583959899 0.8717948717948718
48 0.939014202172097 0.8717948717948718
49 0.939014202172097 0.8717948717948718
50 0.9398496240601504 0.8589743589743589
51 0.939014202172097 0.8589743589743589
52 0.9406850459482039 0.8589743589743589
53 0.9423558897243107 0.8589743589743589
54 0.9415204678362573 0.8589743589743589
55 0.9348370927318296 0.8589743589743589
56 0.93734335839599 0.8589743589743589
57 0.9323308270676691 0.8589743589743589
58 0.9243943191311613 0.8589743589743589
59 0.9206349206349207 0.8589743589743589
60 0.9223057644110275 0.8589743589743589
61 0.9289891395154553 0.8717948717948718
62 0.926482873851295 0.8333333333333334
63 0.9114452798663325 0.8717948717948718
64 0.7527151211361738 0.7435897435897436
65 0.6700083542188806 0.7564102564102564
66 0.8233082706766917 0.8205128205128205
67 0.8964076858813701 0.8076923076923077
68 0.9081035923141186 0.8461538461538461
69 0.9139515455304928 0.8333333333333334
70 0.9156223893065999 0.8333333333333334
71 0.9239766081871345 0.8333333333333334
72 0.9206349206349206 0.8205128205128205
73 0.9181286549707602 0.8589743589743589
74 0.9131161236424394 0.8589743589743589
75 0.9147869674185464 0.8589743589743589
76 0.9156223893065998 0.8461538461538461
77 0.9131161236424394 0.8461538461538461
78 0.9172932330827068 0.8461538461538461
79 0.9147869674185464 0.8461538461538461
80 0.9139515455304928 0.8333333333333334
81 0.9164578111946533 0.8333333333333334
82 0.9164578111946533 0.8333333333333334
83 0.9147869674185464 0.8333333333333334
84 0.9139515455304928 0.8333333333333334
85 0.913951545530493 0.8333333333333334
86 0.913951545530493 0.8333333333333334
87 0.9131161236424394 0.8333333333333334
88 0.913951545530493 0.8333333333333334
89 0.912280701754386 0.8333333333333334
90 0.9131161236424394 0.8333333333333334
91 0.9172932330827067 0.8205128205128205
92 0.9164578111946533 0.8205128205128205
93 0.9139515455304928 0.8205128205128205
94 0.9156223893065999 0.8205128205128205
95 0.9164578111946533 0.8333333333333334
96 0.9181286549707602 0.8333333333333334
97 0.9189640768588138 0.8333333333333334
98 0.9181286549707602 0.8333333333333334
99 0.9189640768588138 0.8333333333333334
