1.374040687084198
0.5115932285785675
0.4746418476104736
0.5080358505249023
0.43767722845077517
0.40018496513366697
0.5505229532718658
0.4139975428581238
0.3898618757724762
0.35605848431587217
0.3177370995283127
0.33677526712417605
0.2871199667453766
0.24431697726249696
0.23549232482910157
0.1691181480884552
0.1226607009768486
0.19424578696489334
0.15480858236551284
0.14015079587697982
0.14916148781776428
0.11528359353542328
0.10194025263190269
0.12567514479160308
0.06245505213737488
0.09756749272346496
0.06078004278242588
0.03329601809382439
0.03264863528311253
0.01764710322022438
0.015999137610197067
0.020671022962778805
0.01635923529975116
0.02726643970236182
0.024580252543091773
0.03260227544233203
0.02137899799272418
0.024374115839600564
0.005214371252804995
0.007593588856980205
0.004748928733170033
0.004513012245297432
0.0018372553284280002
0.0011078944429755212
0.0006121169222751633
0.0012533455155789852
0.00047464274102821947
0.0005656383349560201
0.000269426207523793
0.0006737242394592613
0.00039590116357430817
0.00016212042683036998
0.00022704997682012617
0.0003925602650269866
0.0008320752996951342
0.002630990371108055
0.003552284650504589
0.028844648343510925
0.007424458488821983
0.016263775061815977
0.020553255220875144
0.07793702473863959
0.10068203434348107
0.1951603777706623
0.12998576276004314
0.05951695889234543
0.04218820407986641
0.08657691664993764
0.03914424031972885
0.017818252369761468
0.0086666876450181
0.003792465291917324
0.011533884331583977
0.002041170932352543
0.0020579485222697257
0.0022648003417998553
0.0010716864082496614
0.001198836206458509
0.0010330429300665855
0.0008818988688290119
0.004996751248836517
0.0012702893698588013
0.002297545154578984
0.0016334767220541834
0.0007719160756096243
0.0014793363865464927
0.0005916810478083789
0.00036830178869422524
0.0006410940550267696
0.00027225212543271484
0.0002884741872549057
0.0004354003700427711
0.00021445054444484412
0.00018231336143799127
0.00020956578955519945
0.0003377438057214022
0.0008164966478943825
0.00013933738373452797
0.000496394361834973
0.0001480403181631118
