1.1409085035324096
0.517947769165039
0.6289094686508179
0.4594738185405731
0.33463479280471803
0.2823322296142578
0.15546111166477203
0.1812606856226921
0.1694168120622635
0.27663227170705795
0.17418581545352935
0.1653692305088043
0.08356814533472061
0.1507188767194748
0.1499701499938965
0.1578487351536751
0.13305227756500243
0.08719361424446107
0.059615810960531236
0.08362772092223167
0.07828762754797935
0.06163642928004265
0.09488058090209961
0.10311181768774987
0.05995698943734169
0.016773670725524426
0.02079200129956007
0.00512959323823452
0.023416147287935018
0.018810984399169683
0.051546978019177916
0.03611483946442604
0.024281750340014695
0.01181033942848444
0.04361011851578951
0.07166383303701877
0.09253393858671188
0.20479413643479347
0.14404312074184417
0.10914111733436585
0.07017266787588597
0.026854070648550988
0.013207728904671968
0.0076325253117829565
0.005730627430602908
0.0012875865679234267
0.0012556811794638633
0.0015082670142874122
0.00043079013703390957
0.0005068714497610926
0.0003215082222595811
0.00041834962321445345
0.0002961275225970894
0.0017017800360918044
0.00021073552779853343
0.00014924829883966595
0.001039381418377161
0.0014641981571912766
0.00016889909747987985
0.0005732680554501712
0.0005551243666559458
0.005533450841903686
0.018848662637174128
0.16491688527166842
0.3608036726713181
0.2511507123708725
0.21452602744102478
0.1437534809112549
0.059852718561887744
0.017738289013504983
0.008339166129007935
0.002820544922724366
0.013711721263825893
0.007055439543910325
0.0028059130534529688
0.0008729382767342031
0.0017850426957011223
0.0005300866439938545
0.0008241257979534567
0.0008718324825167656
0.0011457163840532304
0.0003351820632815361
0.0005540035665035248
0.0002207879413617775
0.00032701608724892137
0.00018727908609434963
0.00016085286333691328
0.00015908245113678278
0.0004797441884875298
0.00036578073631972076
0.00017470612074248492
0.0001388338569086045
0.00016607074649073185
0.00020949137106072158
8.715281583135948e-05
7.024278165772558e-05
6.322876070044003e-05
0.00011793092417065055
7.231640920508653e-05
0.0001439544023014605
