0 0.5534670008354219 0.7307692307692307
1 0.3625730994152047 0.7307692307692307
2 0.5071010860484544 0.7307692307692307
3 0.5221386800334169 0.7307692307692307
4 0.40768588137009193 0.5512820512820513
5 0.7410192147034252 0.7692307692307693
6 0.6499582289055973 0.6025641025641025
7 0.8053467000835421 0.6923076923076923
8 0.7568922305764412 0.782051282051282
9 0.8220551378446115 0.8333333333333334
10 0.8629908103592314 0.8461538461538461
11 0.9039264828738514 0.8461538461538461
12 0.9081035923141185 0.8461538461538461
13 0.9431913116123642 0.8717948717948718
14 0.9314954051796157 0.9230769230769231
15 0.9298245614035088 0.8846153846153846
16 0.9172932330827067 0.8333333333333334
17 0.9682539682539683 0.9102564102564102
18 0.9548872180451128 0.8974358974358975
19 0.9147869674185465 0.8717948717948718
20 0.822890559732665 0.8461538461538461
21 0.8930659983291562 0.8717948717948718
22 0.898078529657477 0.8461538461538461
23 0.8755221386800334 0.8717948717948718
24 0.9072681704260652 0.8717948717948718
25 0.9189640768588138 0.8461538461538461
26 0.9440267335004178 0.9102564102564102
27 0.8738512949039265 0.8333333333333334
28 0.9289891395154553 0.8717948717948718
29 0.9448621553884712 0.8974358974358975
30 0.9523809523809524 0.8589743589743589
31 0.9448621553884712 0.9230769230769231
32 0.9557226399331662 0.8974358974358975
33 0.9164578111946533 0.8333333333333334
34 0.9490392648287385 0.8974358974358975
35 0.9147869674185464 0.8717948717948718
36 0.9131161236424394 0.8333333333333334
37 0.9415204678362573 0.8717948717948718
38 0.9423558897243107 0.8717948717948718
39 0.9507101086048454 0.8717948717948718
40 0.9306599832915622 0.8846153846153846
41 0.9423558897243107 0.8846153846153846
42 0.9507101086048455 0.8974358974358975
43 0.9507101086048455 0.8717948717948718
44 0.949874686716792 0.8717948717948718
45 0.9507101086048455 0.8846153846153846
46 0.9465329991645781 0.8974358974358975
47 0.9448621553884712 0.8974358974358975
48 0.9490392648287385 0.8846153846153846
49 0.9490392648287385 0.8846153846153846
50 0.948203842940685 0.8846153846153846
51 0.948203842940685 0.8717948717948718
52 0.948203842940685 0.8717948717948718
53 0.9507101086048455 0.8717948717948718
54 0.9532163742690059 0.8717948717948718
55 0.9507101086048455 0.8717948717948718
56 0.9431913116123642 0.8461538461538461
57 0.9106098579782791 0.8589743589743589
58 0.9239766081871346 0.8205128205128205
59 0.9172932330827067 0.8205128205128205
60 0.9373433583959899 0.8846153846153846
61 0.9072681704260651 0.8589743589743589
62 0.5843776106934002 0.7435897435897436
63 0.8003341687552213 0.8461538461538461
64 0.879281537176274 0.8717948717948718
65 0.9323308270676691 0.8589743589743589
66 0.9507101086048455 0.8461538461538461
67 0.9607351712614871 0.8333333333333334
68 0.9565580618212197 0.8589743589743589
69 0.9624060150375939 0.8717948717948718
70 0.9699248120300752 0.8974358974358975
71 0.9715956558061821 0.8846153846153846
72 0.9724310776942355 0.8974358974358975
73 0.9557226399331662 0.8846153846153846
74 0.948203842940685 0.8846153846153846
75 0.9515455304928989 0.8974358974358975
76 0.962406015037594 0.9102564102564102
77 0.9732664995822891 0.9102564102564102
78 0.9724310776942356 0.9102564102564102
79 0.9766081871345029 0.9102564102564102
80 0.9757727652464494 0.9102564102564102
81 0.9532163742690059 0.8974358974358975
82 0.9682539682539683 0.8717948717948718
83 0.974937343358396 0.8846153846153846
84 0.9690893901420217 0.8846153846153846
85 0.9724310776942356 0.8846153846153846
86 0.974937343358396 0.8846153846153846
87 0.9766081871345029 0.8717948717948718
88 0.9766081871345029 0.8717948717948718
89 0.9766081871345029 0.8717948717948718
90 0.9774436090225564 0.8717948717948718
91 0.9766081871345029 0.8717948717948718
92 0.9774436090225564 0.8717948717948718
93 0.9766081871345029 0.8717948717948718
94 0.9766081871345029 0.8846153846153846
95 0.9766081871345029 0.8846153846153846
96 0.9774436090225563 0.8974358974358975
97 0.9799498746867168 0.8974358974358975
98 0.9799498746867168 0.8974358974358975
99 0.9799498746867168 0.8974358974358975
