0.176949101053512
0.16854416204052172
0.16599586635148486
0.16452004721673383
0.16149415887576749
0.15937944130322831
0.15788804159684755
0.1564292910263088
0.15554561463551722
0.15492487073866862
0.15574428838365242
0.15060533365956735
0.16352374045973103
0.16388384068342296
0.15938084601676425
0.15548733100052378
0.15074793528462077
0.14700533344079694
0.14328319523544186
0.13861731529624144
0.13296589346341667
0.1259027464309228
0.11668562258105325
0.10474008949115532
0.09216844510129298
0.08104734449929495
0.05959658974520741
0.048047452888994535
0.07076572299501116
0.04132542288968346
0.02573013186746001
0.024744365597902176
0.02100080314641424
0.01836717405799376
0.014619115231928782
0.023182341391342034
0.01906283962061016
0.011094272943762574
0.010696629158991725
0.011927549043937256
0.015709406586291105
0.009424510468798613
0.012194777110057613
0.018612181964248468
0.017117253141417033
0.014232457945341736
0.007549964656548253
0.010296759751726985
0.005670531750322966
0.00835471535621041
0.0185379341221187
0.005220191092598207
0.009628103929951011
0.012271254655983941
0.0081613167513849
0.0047653974421627224
0.01543924589611056
0.007357817336974562
0.0054836011620076125
0.013342751887231058
0.007280811955352202
0.003273097353968246
0.011167848338062059
0.0036649597859531886
0.005534794102426685
0.005247543674380995
0.006225440183810659
0.011321194560368657
0.010979076439222012
0.0016318762415102554
0.006225819951351823
0.007436746506248707
0.007076117390495989
0.002844633654189214
0.008752478208223734
0.011048529245826213
0.006398719686621206
0.005954862484088053
0.0017771273561067353
0.005586631882149674
0.014111778718390554
0.003690853695603579
0.0010004818111366395
0.0031440327966324863
0.004937375146847867
0.008464049349113515
0.00500028839593462
0.0034634718309871017
0.004102840021852531
0.011107551339088109
0.01256942648553602
0.0039662359727250605
0.0006471198857832072
0.0029084141277924257
0.008116740675457383
0.00144005986813394
0.0034910480577422074
0.0044555183286655005
0.007765090271526438
0.0014555433379854598
