0 0.7093026222704957 0.9492315332408033
1 0.7534648074761463 0.94922516649052
2 0.759730870080538 0.9491169317357036
3 0.7699418546218645 0.9491678657379701
4 0.766457702334807 0.949046897482587
5 0.7716306946437129 0.9486457922147379
6 0.7708575481333223 0.9492378999910865
7 0.7724671898500377 0.9485566577107714
8 0.755762034834924 0.9483911222034048
9 0.7514152358112544 0.943265888225332
10 0.7359286186686013 0.9447175072899291
11 0.7165889162942242 0.9406109533571875
12 0.6860501340618139 0.9343078705767002
13 0.6744093215774379 0.9360841939057467
14 0.6613529476487651 0.9323532782397209
15 0.6717074817424835 0.9300612481377255
16 0.6825980314066902 0.9368991379420117
17 0.6743308147169904 0.9364725656730293
18 0.6786851516804646 0.9361287611577299
19 0.681637993362342 0.933785797053468
20 0.6776998919991531 0.936765436186062
21 0.6809248000185217 0.9327416500070033
22 0.6744332233379403 0.9290298345918278
23 0.6845183570080414 0.933225523028536
24 0.6784249028769465 0.9349254453541824
25 0.6854206384797921 0.9261775304649004
26 0.6819281308547819 0.931582901455439
27 0.6882968306950751 0.933289190531369
28 0.6866829769344523 0.9336329950466683
29 0.6845835362546248 0.9336329950466684
30 0.67986839812934 0.9350018463575823
31 0.6864461876896796 0.9346516750919994
32 0.6890008123052364 0.9321177084792379
33 0.6817742495389664 0.9326843492544536
34 0.6897219072542892 0.9354093183757148
35 0.6775554022845942 0.9365425999261457
36 0.6870768745012323 0.9342824035755667
37 0.6844964830750565 0.9358868246469638
38 0.6809283683441038 0.9362815631645295
39 0.6745052446348534 0.9336011612952516
40 0.6891389160218017 0.9359823259012136
41 0.6850976938256951 0.9360650936548967
42 0.6802686247969972 0.9356512548864808
43 0.6775308878689478 0.9350655138604154
44 0.6821990439555808 0.9356448881361974
45 0.6775056921608318 0.93618606191028
46 0.682543755041264 0.9352310493677817
47 0.6804924024227367 0.936510766174729
48 0.674169716990417 0.934861777851349
49 0.6780921491948533 0.9355557536322311
50 0.6894148794944996 0.9353265506220316
51 0.6841561294961783 0.9361287611577298
52 0.6846924808690852 0.9349827461067323
53 0.6821430365111466 0.9354411521271313
54 0.6719926607831127 0.9357976901429972
55 0.6706033363740251 0.9350591471101322
56 0.6807888242778654 0.935059147110132
57 0.6854611332711008 0.9357722231418639
58 0.6754460413109661 0.9369118714425783
59 0.680892253106053 0.9361032941565967
60 0.6800564482818251 0.9364279984210458
61 0.6885767466328832 0.9385162925139753
62 0.6826277518664502 0.9354666191282645
63 0.681919757371941 0.9376504144754435
64 0.6848671308356717 0.9360905606560299
65 0.6824136296904618 0.937542179720627
66 0.6853429331373546 0.9357594896412973
67 0.686152392577445 0.9345943743394496
68 0.6865890580610492 0.9367781696866285
69 0.6788586927767123 0.9384908255128417
70 0.67828152308527 0.9357531228910139
71 0.6879160786030888 0.9333974252861853
72 0.680287008301833 0.9366954019329453
73 0.6896220744472181 0.9357403893904476
74 0.6800071060106755 0.9374275782155271
75 0.682415586056875 0.9356066876344976
76 0.6779627280639831 0.9361542281588632
77 0.6796520117014689 0.9369309716934283
78 0.6756128194705872 0.9372811429590107
79 0.6830671654817859 0.9355239198808143
80 0.6870263368822497 0.9368736709408784
81 0.6766780390955011 0.9370583066990946
82 0.678553692536436 0.9383507570066085
83 0.6795399843457314 0.9369500719442783
84 0.6796132007293767 0.9364407319216126
85 0.6781861017461915 0.9357531228910141
86 0.6784222496827038 0.9394840385570397
87 0.6772891010623882 0.9347662765970993
88 0.6855954159332184 0.9332064227776858
89 0.6736799209956802 0.9365617001769957
90 0.6814292347338549 0.938993798785224
91 0.6760508972533995 0.9392357352959902
92 0.6790232266957998 0.9361924286605632
93 0.6804589273706988 0.9361924286605631
94 0.6838841789800644 0.9363961646696295
95 0.6856122973291886 0.9361987954108464
96 0.6832925060454577 0.9382743560032089
97 0.6860982002798314 0.9385735932665249
98 0.679970059938999 0.9380960869952758
99 0.6851122757671835 0.9360332599034802
