0.17415864658860508
0.1657079121625773
0.16189702353910437
0.15933380385175203
0.1570620243513429
0.15453345288525575
0.15155273178404238
0.14750746984629368
0.14198072583502588
0.13345929537368909
0.1204344235081529
0.1011357403660636
0.07828389788319505
0.054532453763611155
0.03505734943084006
0.02910086355727251
0.01477338843038518
0.01923669524057025
0.014620193312891095
0.01185241758790025
0.0113922529929721
0.00864045039207617
0.012612237114950723
0.00945547892232744
0.008824267696910795
0.011946922399070272
0.008399589553191736
0.006061328081387559
0.006521842784873219
0.00812048569825214
0.007787624738635708
0.0048300703223953965
0.006848516069915364
0.0101252855886235
0.007724063466030024
0.002318203244716648
0.008955448108053302
0.004521613844089416
0.003535170812970892
0.006784520357511998
0.008895313327431266
0.0063405744684025865
0.003707697215537064
0.0022033557053298936
0.008869867149212608
0.008171304058508624
0.001061809570940476
0.000550196184850668
0.0027239633423480256
0.01029230392627503
0.0024698998498732636
0.0023553402366438894
0.005554179310118355
0.006442316546820025
0.004388208133498425
0.0020973570445062917
0.007446230051687127
0.0045214188983912764
0.0010628438588974661
0.005189511648069078
0.005337332582297653
0.005028211117774424
0.003745298480327963
0.00346647068669114
0.0009084206150210192
0.0011274433329180778
0.008158608803397397
0.004538544149038303
0.0008004350837738919
0.0006289456417222969
0.0063740303853192255
0.004671517626621261
0.0011515136169223607
0.004494488810770955
0.0013182833105132685
0.004018661000923988
0.004322156872723937
0.0012654729847728385
0.0029737000655195543
0.00510994764563915
0.002221128236524592
0.0006703819339508913
0.0004705756423079929
0.005439690356206336
0.0034749512806199552
0.0024963331090789576
0.0009786852345755816
0.001704712520761708
0.004207796126185819
0.002998410402847407
0.0035566484477107052
0.0033234761898835864
0.003447371413207921
0.0013539833127728972
0.002388453602677356
0.00415721221318649
0.0010233031250597114
0.002230643495255232
0.0012019291311444486
0.00476234050744239
