0 0.6844410781922831 0.94920606623967
1 0.7313716372070604 0.9489131957266373
2 0.5984900470384183 0.9023595176549986
3 0.7492882726591291 0.9493334012453365
4 0.7613026093839499 0.9485757579616213
5 0.7557043679394679 0.9486075917130379
6 0.7696103305222685 0.9484547897062382
7 0.7714893120292746 0.9493716017470363
8 0.7611201155983764 0.9475825449174232
9 0.758598760063654 0.9455770185781773
10 0.7690426363929458 0.9483911222034049
11 0.7320503272885813 0.9487412934689876
12 0.7138669585682618 0.9483592884519884
13 0.765631836863552 0.94920606623967
14 0.7730459499804071 0.9494225357493029
15 0.7694822461772425 0.9492570002419365
16 0.7625169667364938 0.9488176944723874
17 0.7665154742262505 0.9489513962283371
18 0.7697810950947247 0.9484547897062382
19 0.7622097365826236 0.9470668381444743
20 0.7504051572403381 0.9454624170730774
21 0.7479039165583422 0.9409611246227699
22 0.724704084426788 0.9444310035271795
23 0.7100264681788607 0.9425782791947334
24 0.6940022494407174 0.9381724879986756
25 0.7056524757373863 0.9379560184890429
26 0.6810048128847063 0.9366954019329455
27 0.680987719281411 0.9248978136579528
28 0.684264812912341 0.9322641437357543
29 0.6830494795461334 0.9299020793806426
30 0.6785089416802081 0.9324105789922706
31 0.6808804250331575 0.9336393617969516
32 0.677671203138922 0.9283740593126455
33 0.6859939678445485 0.9295519081150598
34 0.6826329739259415 0.927304445265048
35 0.6780579971156939 0.9270243082525819
36 0.6841448464688912 0.9362624629136798
37 0.6778493050059093 0.9333974252861854
38 0.6793548222933847 0.9312772974418397
39 0.6791833955023102 0.9354984528796813
40 0.6798691073327772 0.9359950594017803
41 0.6815465042701149 0.9315510677040225
42 0.667302601679717 0.9364025314199127
43 0.6899383437231499 0.9368291036888952
44 0.6810523039015651 0.9274381470209976
45 0.6769305762605392 0.9362242624119796
46 0.6757563513493782 0.9315892682057224
47 0.6750333860917396 0.9329835865177697
48 0.676065046792903 0.9349891128570157
49 0.6849662854080416 0.9332318897788191
50 0.6752896534149164 0.9321750092317879
51 0.6877520491066029 0.9333082907822191
52 0.674208063711699 0.9339767995619673
53 0.6822706205287176 0.932970853017203
54 0.6769015961230085 0.9343142373269835
55 0.6649335122527701 0.931640202207989
56 0.6815383793934282 0.9311563291864565
57 0.6780330489099732 0.9329517527663532
58 0.6774929641754598 0.9327925840092698
59 0.6759213785742532 0.9308570919231406
60 0.6750495202700408 0.9374785122177938
61 0.6699450065998988 0.9322705104860377
62 0.6811080096841531 0.9357340226401639
63 0.6823007441687682 0.9341041345676341
64 0.678510840987969 0.9326270485019036
65 0.6738941979065186 0.931264563941273
66 0.6738476244944103 0.9328626182623866
67 0.6754057772822264 0.9332255230285359
68 0.6832690154789709 0.9341232348184841
69 0.6792409793908467 0.9374657787172274
70 0.6736464737053817 0.9354984528796811
71 0.6744482766532753 0.9348745113519156
72 0.6792098355312765 0.9368991379420117
73 0.6807830839850604 0.9334228922873188
74 0.6664626907394303 0.9337157628003514
75 0.6710337867822023 0.9331300217742858
76 0.668310928014308 0.9343524378286834
77 0.680546594062906 0.9374148447149606
78 0.6761308986322537 0.9362115289114129
79 0.6713887346122257 0.935033680108999
80 0.6746528131479955 0.9363770644187793
81 0.6731420322477634 0.9315701679548724
82 0.6747969531127734 0.9333655915347688
83 0.6770059057204925 0.9331236550240025
84 0.6768442492292841 0.9351610151146652
85 0.6774530840698881 0.9351100811123986
86 0.6720249602590963 0.9321049749786712
87 0.6704322717622359 0.9362433626628296
88 0.674510298033095 0.925897393452434
89 0.6727372511895272 0.9360969274063133
90 0.6770962060435901 0.9322705104860377
91 0.6652217825890566 0.9354347853768479
92 0.6705765389956045 0.9365425999261455
93 0.6651887796809376 0.9371283409522111
94 0.6710356453537021 0.9365298664255791
95 0.6714151200577854 0.9355875873836474
96 0.6619363929961047 0.93775864923026
97 0.6665062361102816 0.9339194988094178
98 0.6722410103378154 0.9338176308048848
99 0.6720238201980739 0.9344670393337833
