0.5994616586460986
0.33256763594479044
0.24814668159127573
0.17540241753555497
0.14884675123241983
0.11574333968614652
0.11206847186919978
0.13371432005343112
0.08644222413766495
0.08440463542964691
0.11327782461276828
0.08663988423226825
0.07263798868833957
0.0915091029998042
0.050765329115992325
0.05187698095026214
0.05824038469819987
0.037154064056019044
0.04218256795403166
0.04315195333170281
0.03718965471952371
0.029854207676345886
0.027065959054942305
0.0252887824899517
0.02622599654271405
0.03215838982743497
0.01881440739188375
0.01924521013378663
0.022458745788257642
0.015742141310428535
0.017659592623121254
0.03083741137908708
0.01175393262366759
0.017951956740448208
0.023664476937979503
0.009580853439233166
0.012073656551778682
0.02256959694155243
0.026457454221764983
0.015397665401988806
0.00654704281987506
0.01402256401260357
0.012349575494474928
0.01492739908818211
0.014456884938640129
0.008988230158717091
0.010897357057315689
0.010010256786038306
0.01681504520456656
0.020087882483163743
0.0062268875403374705
0.013680797222646519
0.012175824350957886
0.01306323135105975
0.03596280980111095
0.007487681175999486
0.005735195628982514
0.019278035609617786
0.06575110987135056
0.021564080818775852
0.005914684736498285
0.0067730458038319985
0.008364611107439983
0.016961836526289433
0.010969701289985262
0.012985438357315037
0.02489398734302416
0.004250011208786087
0.0023016999613115663
0.006560626402233538
0.010059677161693386
0.0243606173073865
0.006438297180466179
0.016063127761340598
0.004342604944667983
0.057835925202777035
0.013762440240828833
0.004556258690503124
0.00499612621851239
0.009538963737172295
0.007830295365403634
0.005260924551066637
0.006018683830192954
0.005909951220184501
0.020247456922416775
0.00953039511345692
0.0020748608094022943
0.0063594854143709445
0.007294512596176487
0.006830734273741903
0.006692062278840571
0.02689405357911958
0.005640442304535431
0.002870674453457799
0.009364306631224199
0.0020243032351820807
0.0039798816081780715
0.005736164680807964
0.006045515209486687
0.005224435976122715
