0 0.9818517649086783 0.8286685325869653
1 0.9934340380907387 0.9022391043582567
2 0.9927268202709091 0.896141543382647
3 0.996868623381882 0.9292283086765294
4 0.9951626611162232 0.8583566573370651
5 0.9964060426445224 0.8817473010795682
6 0.9985217752200592 0.9523190723710516
7 0.9983922667871771 0.9271291483406637
8 0.9968768607067157 0.8920431827269092
9 0.9987619209051998 0.9431227508996401
10 0.9988481656937387 0.944422231107557
11 0.9982640741708051 0.9299280287884846
12 0.9991247909242785 0.9637145141943223
13 0.9983844651999004 0.9586165533786486
14 0.9990879556534191 0.9664134346261496
15 0.9993621763294994 0.9723110755697721
16 0.9992332469572011 0.9702119152339065
17 0.9994710138523126 0.9749100359856058
18 0.9992149151342671 0.9670131947221111
19 0.9994039100832901 0.9765093962415033
20 0.9994990416714133 0.9789084366253499
21 0.9993825860829174 0.9652139144342263
22 0.9994103821636787 0.9698120751699321
23 0.9993616852455887 0.9748100759696121
24 0.9997311506406386 0.9852059176329468
25 0.9993861389619236 0.9779088364654138
26 0.9996599181517057 0.9825069972011196
27 0.9995850132443199 0.9791083566573371
28 0.9988529505858195 0.9681127548980408
29 0.9995231065124806 0.9746101559376249
30 0.9996392267577016 0.9791083566573371
31 0.9994775211152397 0.9776089564174331
32 0.999629974998624 0.9833066773290684
33 0.9980051523946574 0.9479208316673331
34 0.9995614496930492 0.9784086365453818
35 0.9996548564735228 0.9863054778088765
36 0.9995343779616701 0.9727109156337465
37 0.9996429712399508 0.9851059576169532
38 0.9996375570576728 0.98140743702519
39 0.9997066918861575 0.9838064774090364
40 0.9996833149084673 0.9821071571371451
41 0.9997606959778066 0.9837065173930428
42 0.9991756552040497 0.9725109956017592
43 0.9996342369287606 0.9819072371051579
44 0.9995848058665042 0.9794082367053178
45 0.9995026310059403 0.9748100759696121
46 0.9996895789470032 0.9807077169132347
47 0.9997028800236403 0.9843062774890043
48 0.9995832854853247 0.9776089564174331
49 0.9995209755130325 0.9776089564174331
50 0.9997613209524663 0.985905637744902
51 0.9994201437109793 0.9744102359056377
52 0.9995846279936111 0.9807077169132347
53 0.9997187758163386 0.9842063174730108
54 0.999687714909568 0.984406237504998
55 0.9993377997520889 0.9719112355057977
56 0.9995883255864624 0.9782087165133947
57 0.9990968458703592 0.9744102359056377
58 0.9995378912583526 0.9807077169132347
59 0.9996550512197437 0.9826069572171131
60 0.9994884465777127 0.9666133546581367
61 0.9991010581661326 0.9685125949620151
62 0.9996425626116857 0.9824070371851259
63 0.999724133657307 0.985905637744902
64 0.9994261290843066 0.9752099160335865
65 0.9996631519571559 0.9824070371851259
66 0.9995827476937019 0.9792083166733306
67 0.9997272196407986 0.9837065173930428
68 0.999701365835 0.9815073970411835
69 0.9996768110282789 0.9825069972011196
70 0.9997229673781189 0.9851059576169532
71 0.9997172909484827 0.98390643742503
72 0.9992367524537111 0.9714114354258296
73 0.9995099117872 0.9760095961615354
74 0.999715847978228 0.98390643742503
75 0.9996212411155607 0.9791083566573371
76 0.9996367823840718 0.9819072371051579
77 0.9995524787372303 0.98140743702519
78 0.9995788559912674 0.9816073570571772
79 0.9995581060201866 0.98140743702519
80 0.9995821917370559 0.9807077169132347
81 0.9996870757798342 0.9846061575369852
82 0.9996920836919317 0.9856057576969213
83 0.9995167805412 0.9789084366253499
84 0.9994857751447105 0.9789084366253499
85 0.999465120855901 0.9779088364654138
86 0.999690908983394 0.9833066773290684
87 0.999655379581027 0.9827069172331068
88 0.9996722940479528 0.9853058776489404
89 0.9996027590941918 0.983406637345062
90 0.9996609750377216 0.9837065173930428
91 0.9997129428140232 0.9856057576969213
92 0.9989402433061101 0.9607157137145141
93 0.9996447017014243 0.9821071571371451
94 0.999748139324955 0.9847061175529788
95 0.9996214465704654 0.9822071171531388
96 0.9996945814247239 0.9841063574570172
97 0.9995327998236644 0.9821071571371451
98 0.9996211705854421 0.9825069972011196
99 0.9996992541100743 0.98390643742503
