0 0.985234489467767 0.7994802079168333
1 0.9934811841901718 0.9042383046781287
2 0.9958410391909518 0.9092363054778089
3 0.9895394519626551 0.867453018792483
4 0.9987436606439624 0.9578168732506998
5 0.9967782979544815 0.929828068772491
6 0.9448098506128575 0.8798480607756898
7 0.998345879333988 0.9354258296681327
8 0.9989734700285884 0.9638144742103159
9 0.99426677662135 0.8417632946821272
10 0.9987701915513141 0.9587165133946421
11 0.9984870169978526 0.9514194322271091
12 0.9948085147422465 0.8614554178328668
13 0.9993163654142564 0.9701119552179128
14 0.9992548630720623 0.9711115553778489
15 0.9991307828995618 0.967313074770092
16 0.9991894217767362 0.9740103958416634
17 0.9993589943296739 0.9723110755697721
18 0.999174481518977 0.9638144742103159
19 0.9983208798145073 0.9292283086765294
20 0.9995717360730207 0.9744102359056377
21 0.9990171099775758 0.9646141543382647
22 0.9994179014482936 0.9731107556977209
23 0.9992954109030247 0.968812475009996
24 0.9991198308165276 0.9603158736505398
25 0.9995030355941089 0.9783086765293882
26 0.9995134665218774 0.9783086765293882
27 0.9991298437003615 0.965813674530188
28 0.9985695545946831 0.9344262295081968
29 0.9995233329606941 0.978608556577369
30 0.9967032652113623 0.9191323470611755
31 0.9995738656076022 0.9819072371051579
32 0.9990355620287228 0.9664134346261496
33 0.9993933263369771 0.9735105957616953
34 0.9996723217419399 0.9823070771691323
35 0.9995675596070335 0.9807077169132347
36 0.9993767667496942 0.9627149140343862
37 0.9993892169146397 0.9703118752499
38 0.9995431977977304 0.977109156337465
39 0.9997364315340675 0.9848060775689724
40 0.9994027074704975 0.9745101959216314
41 0.99952064339911 0.9795081967213115
42 0.9996138114971542 0.9810075969612155
43 0.9993914996456306 0.9753098760495802
44 0.999590899574032 0.9797081167532987
45 0.9995458570341315 0.9797081167532987
46 0.9995469607238847 0.9810075969612155
47 0.9995591018631147 0.9801079568172731
48 0.9994643758068182 0.9752099160335865
49 0.9996575494117987 0.9845061975209916
50 0.9987796361658687 0.9487205117952819
51 0.9989929501310508 0.9718112754898041
52 0.9994255417491935 0.9780087964814075
53 0.9994808075539822 0.9753098760495802
54 0.999599341431128 0.9812075169932027
55 0.9996688889936325 0.985905637744902
56 0.9995964889955418 0.9813074770091963
57 0.9992859596271515 0.9697121151539384
58 0.9994323121814858 0.9788084766093562
59 0.9995347555701546 0.9820071971211516
60 0.9995646855394134 0.9836065573770492
61 0.9995612041059653 0.9832067173130747
62 0.9968945035252383 0.976609356257497
63 0.9994766852560895 0.9785085965613755
64 0.9993325096751757 0.9729108356657337
65 0.99960486207055 0.9811075569772091
66 0.9996124700527838 0.9818072770891644
67 0.9996271967892637 0.9822071171531388
68 0.9993593362053927 0.9735105957616953
69 0.999513752106608 0.9797081167532987
70 0.9995906105493846 0.9824070371851259
71 0.9996507570050248 0.9836065573770492
72 0.9994635452600836 0.9738104758096762
73 0.9996558412107708 0.983406637345062
74 0.9994450840357625 0.973610555777689
75 0.9601005856969511 0.8872451019592164
76 0.9995693587640854 0.9823070771691323
77 0.9996234725849958 0.9827069172331068
78 0.9995732314491605 0.9794082367053178
79 0.9996830092349899 0.98390643742503
80 0.9996775075502057 0.9838064774090364
81 0.9994970434429297 0.9794082367053178
82 0.9995498456741702 0.9798080767692923
83 0.9994986970484262 0.9780087964814075
84 0.9978022285999965 0.965813674530188
85 0.9996310667199199 0.9851059576169532
86 0.9996567481878519 0.9826069572171131
87 0.9983252146605996 0.9559176329468213
88 0.9995892854162728 0.9804078368652539
89 0.999675270509615 0.9836065573770492
90 0.9993825227729274 0.9762095161935226
91 0.9993908680197363 0.9716113554578168
92 0.9997255907044443 0.9865053978408637
93 0.9996192822540577 0.982906837265094
94 0.9996796548405606 0.9831067572970812
95 0.9997100082147335 0.9851059576169532
96 0.999492729867987 0.9793082766893243
97 0.9996350767595819 0.9832067173130747
98 0.995394548549272 0.8914434226309477
99 0.9993765558485023 0.9734106357457017
