0.5854902214116671
0.28198213022286917
0.2123700515525839
0.16733407328667288
0.13007471745368093
0.11827418573243036
0.09769259205363183
0.08301155240042135
0.07759990975715812
0.06468760329219302
0.05769545539938421
0.04544490683606868
0.05113078136491822
0.03394288145963484
0.03987205547971164
0.028361120016184446
0.027562624516907486
0.025440289959016645
0.019777296867687255
0.01915517944276375
0.02145678583772017
0.015960770854607374
0.01597879923495136
0.019777005292284724
0.017196222501132234
0.010468394264865889
0.019080430110989255
0.012494244661039293
0.010873251526969729
0.008264588960049547
0.011754899810636165
0.010651073684791547
0.013480525435211761
0.00794833276669041
0.013357973275064565
0.010470616969211154
0.006389303600950701
0.009760706494365546
0.005578934953250196
0.010624588566067607
0.0076675390174097465
0.009097254625223948
0.0059562061337187925
0.00757056695973998
0.006181967922647014
0.008721167923299205
0.008905962919842832
0.009937551128711097
0.0069191692188972165
0.004375907202880957
0.009094367865724384
0.004915419599456072
0.010835558026470111
0.006212586915945001
0.0032415134273006433
0.0069821408133892955
0.0039630909663463335
0.003664741856441238
0.0086903347859003
0.004833100121851947
0.005321312376893998
0.00270385602723102
0.00639667999272123
0.003859915496625697
0.003610786912738397
0.006602892639917131
0.006442160511886124
0.003946515261663028
0.0028571407402750992
0.008214736174812226
0.004519844918439214
0.0015337760249332694
0.00409282096372656
0.004610542111859931
0.007610993648168832
0.0029310810363189044
0.002643833904743835
0.0045122694261656516
0.005113233257340901
0.003273921778455505
0.0023742679532419556
0.005441388090689129
0.0020148198813413646
0.0030687773357840342
0.0038817246823286537
0.0037211208761375888
0.003718077097855402
0.004319915204529356
0.0020275819432940393
0.004078515978955527
0.002772793014266674
0.0007607247963609221
0.006326826935977889
0.0102883092972816
0.0038567553792125345
0.0015078011173582954
0.004110223043136846
0.001000971703226903
0.002342889076162051
0.005633064537009473
