0 0.703742550564671 0.16666666666666666
1 0.705463002110752 0.16666666666666666
2 0.5533712308879357 0.18333333333333332
3 0.7579182441904792 0.48333333333333334
4 0.7498466196232786 0.525
5 0.7936976655149806 0.6
6 0.6989408287590592 0.45
7 0.779179651514968 0.49166666666666664
8 0.7911369710691603 0.5916666666666667
9 0.7276095809352101 0.45
10 0.7682517019748903 0.525
11 0.7453878273490784 0.45
12 0.751346570239095 0.4666666666666667
13 0.7368320562788907 0.4583333333333333
14 0.7253749246487614 0.4166666666666667
15 0.755466999844803 0.55
16 0.7437205607709803 0.49166666666666664
17 0.7097843092946831 0.43333333333333335
18 0.6937806054075315 0.425
19 0.7498061207769827 0.475
20 0.7414490798802011 0.475
21 0.6977668486103269 0.38333333333333336
22 0.7311329018637942 0.43333333333333335
23 0.7068035940385291 0.4583333333333333
24 0.6410535206777006 0.4166666666666667
25 0.6760314492496796 0.4083333333333333
26 0.7145565049719893 0.45
27 0.685247429105629 0.44166666666666665
28 0.7106772856236624 0.45
29 0.7175000561350676 0.45
30 0.693273926471867 0.4166666666666667
31 0.7244582264840845 0.48333333333333334
32 0.7132443023823649 0.49166666666666664
33 0.6754376279962093 0.4
34 0.708009284850246 0.48333333333333334
35 0.7237864419869761 0.5416666666666666
36 0.6545652112641435 0.4083333333333333
37 0.7682685751488953 0.55
38 0.7554661703666281 0.5
39 0.7377651587246554 0.475
40 0.7154527043710873 0.475
41 0.6950445699595204 0.4666666666666667
42 0.7756710075951113 0.5416666666666666
43 0.7492797366714987 0.5166666666666667
44 0.7467397604683645 0.5333333333333333
45 0.7377004556479767 0.4666666666666667
46 0.7339820846582861 0.49166666666666664
47 0.7499619263353818 0.5
48 0.7617618847293904 0.5166666666666667
49 0.7650188573468512 0.525
50 0.7531595945287021 0.5333333333333333
51 0.7787072600620274 0.525
52 0.7381789009927836 0.5166666666666667
53 0.7398145394961565 0.5
54 0.7118111618528093 0.475
55 0.7065176457833208 0.44166666666666665
56 0.7219320568659241 0.48333333333333334
57 0.7535081236248284 0.475
58 0.7502359221138779 0.5
59 0.6914732418074905 0.475
60 0.6994470982756262 0.48333333333333334
61 0.7090174295348971 0.4583333333333333
62 0.7154950266531502 0.4583333333333333
63 0.7311785604767298 0.5
64 0.692103639680375 0.49166666666666664
65 0.6984154609551254 0.5166666666666667
66 0.710227759121123 0.5
67 0.7390186412451859 0.5166666666666667
68 0.7088105349011528 0.5
69 0.725625260560272 0.525
70 0.7312697943805495 0.5166666666666667
71 0.689857391025507 0.5
72 0.7074804685553733 0.5
73 0.7409437433064435 0.5083333333333333
74 0.7087139413091357 0.48333333333333334
75 0.7219517615954686 0.475
76 0.734349378496747 0.48333333333333334
77 0.7379211159578056 0.5
78 0.6910507998880234 0.4666666666666667
79 0.7104432164072897 0.475
80 0.6871414122335555 0.4666666666666667
81 0.7026149087034671 0.5
82 0.7134515185269572 0.49166666666666664
83 0.706299223428209 0.4666666666666667
84 0.700776147989649 0.49166666666666664
85 0.701716546710063 0.5083333333333333
86 0.7175123458624604 0.5083333333333333
87 0.7153915259896191 0.5083333333333333
88 0.691523027044995 0.525
89 0.6963759292830232 0.4666666666666667
90 0.737862399851187 0.49166666666666664
91 0.7403770266685598 0.5333333333333333
92 0.7112283760198329 0.5
93 0.7576080671962442 0.5333333333333333
94 0.7395039061568429 0.5
95 0.7158372254380645 0.48333333333333334
96 0.7223435153173521 0.49166666666666664
97 0.6734591864304298 0.4083333333333333
98 0.7304380224459553 0.48333333333333334
99 0.7142539473775934 0.48333333333333334
