1.9797168572743733
1.2324578497144911
1.2324396901660495
1.1452502012252808
1.1477042569054499
1.1198444498909845
1.08106439643436
1.111570570203993
1.0991478231218126
1.0667708184983995
1.0691309438811407
1.0500927302572463
1.0315939982732136
1.0032583541340299
0.962090810139974
0.9045843482017517
0.9274899164835612
0.8916462792290581
0.9178430106904771
0.7570770912700229
0.6579778922928704
0.7495123744010925
0.7864517635769315
0.6949509316020541
0.5906839470068613
0.5184058215883043
0.5394659274154239
0.46027541160583496
0.34335141711764866
0.2685554424921672
0.3300290041499668
0.37159601350625354
0.26394807630115086
0.2807380259037018
0.2539320902691947
0.17471016860670513
0.155995631383525
0.23316810694005755
0.24118832250436148
0.294380611843533
0.22169301410516104
0.17929006781842974
0.14025171349445978
0.10091694340937668
0.06995604808131854
0.07156755857997471
0.07116737340887387
0.09118615380591816
0.06240950110885832
0.06808575987815857
0.044213491698933974
0.06121555529534817
0.07082207128405571
0.0776052779207627
0.11356125523646672
0.11719747715526158
0.17750083075629342
0.1917086640993754
0.14061296151743996
0.14102644845843315
0.09098055875963634
0.08796859304938051
0.059097506312860384
0.04401310823029942
0.05988763872947958
0.05874537987013658
0.07327868106464545
0.052935905961526766
0.03383609321382311
0.023567052765025034
0.009576684122698175
0.014341821687089073
0.009244528288642565
0.021697527858325176
0.03266605124291447
0.10524614072508282
0.07473019551899698
0.07461989257070753
0.08088539064758354
0.040755855643914804
0.032328363301025495
0.014464605004630156
0.00804397942394846
0.005005168650920193
0.00198347307741642
0.002209161822166708
0.00219777403658049
0.005786684652169545
0.019317257884217218
0.022261216880805377
0.020734888760166034
0.05265462170872423
0.09230864813758267
0.12585595146649414
0.0930520933535364
0.09060096699330542
0.05310109526746803
0.037493518450193934
0.03907384123239252
0.036803066109617553
