1.947532508108351
1.2514426840676203
1.1983641121122572
1.1727190812428792
1.1553384065628052
1.1405218177371554
1.1543718708886042
1.1487535238265991
1.126926322778066
1.106523785326216
1.1088163587782118
1.0839095049434238
1.0777983996603224
1.0622501505745783
1.03906426164839
1.014614310529497
1.0389549401071336
1.0198106831974454
1.0462385614713032
1.0037424166997273
1.0096089442571003
0.9487938218646579
0.9819646808836195
0.9466999040709602
0.934094230333964
0.9489022162225511
0.9662765794330173
0.8842923177613152
0.8322827551099989
0.882450693183475
0.9236324098375108
0.8477040661705865
0.6937384605407715
0.6865406102604337
0.7387130128012763
0.6816355519824557
0.6519799364937676
0.6057720714145236
0.5144883957174089
0.5636725988652971
0.5903412567244636
0.5053135454654694
0.46909835934638977
0.3780655364195506
0.4632615778181288
0.33632198307249284
0.3370091799232695
0.3117980609337489
0.2546430312924915
0.28613412711355424
0.19783082521624035
0.1901944023039606
0.19299310694138208
0.1662558830446667
0.1668866119450993
0.12355601787567139
0.10595833179023531
0.12308994763427311
0.14475471278031668
0.14901697552866405
0.09314265557461315
0.0689444024529722
0.07593853316373295
0.04248050714118613
0.05367987458076742
0.0662449472066429
0.08978067172898187
0.06469244240886635
0.03894642595615652
0.05817622132599354
0.08222294288376968
0.0863654122998317
0.0756895061996248
0.11772905621263716
0.08141291389862697
0.07134955562651157
0.04452388174831867
0.02515616619752513
0.024031919323735766
0.01396663828442494
0.01722353386382262
0.024412372873889074
0.012877011438831687
0.010961138332883516
0.0063733372112943065
0.0042509182045857115
0.0024263968742969963
0.002739639435377386
0.001963001624163654
0.0031660921199040282
0.007121963116029899
0.03074675736327966
0.021447212745745976
0.044564796404706106
0.06344751351409489
0.03449291301270326
0.02235801973276668
0.012937574336926142
0.00914827123698261
0.014384458048476113
