0 0.6120488635583982 0.25833333333333336
1 0.7494850399311116 0.5
2 0.757385542908655 0.475
3 0.772668816639755 0.5083333333333333
4 0.7755386673021303 0.55
5 0.7410973159732885 0.5166666666666667
6 0.7609351514491103 0.5583333333333333
7 0.7895086047720679 0.48333333333333334
8 0.7904747179396302 0.5166666666666667
9 0.810826566856315 0.5583333333333333
10 0.7734258425304954 0.5333333333333333
11 0.8136935813402632 0.5666666666666667
12 0.7824118495624217 0.5
13 0.7841142294324597 0.525
14 0.8007897389132325 0.55
15 0.8006180016356218 0.48333333333333334
16 0.7928674578776028 0.5416666666666666
17 0.7792057564493872 0.4166666666666667
18 0.7989578315206842 0.55
19 0.7742555847971561 0.525
20 0.8080299282828649 0.5583333333333333
21 0.7883780380170159 0.5583333333333333
22 0.7709289302527289 0.55
23 0.7746043795625794 0.55
24 0.6750928773771643 0.4666666666666667
25 0.7364370239388547 0.48333333333333334
26 0.7778368571846833 0.5
27 0.7295395556304023 0.5083333333333333
28 0.7148935576387903 0.43333333333333335
29 0.7855298850625319 0.55
30 0.7651929221751494 0.44166666666666665
31 0.7504577002820328 0.45
32 0.7572417692966129 0.5
33 0.6931149396327886 0.45
34 0.7284897215223683 0.5
35 0.7217349052252943 0.4
36 0.7297266995258604 0.45
37 0.746083564496074 0.475
38 0.6980056530214426 0.49166666666666664
39 0.633565300493218 0.475
40 0.7325057658419214 0.4583333333333333
41 0.7265992245288966 0.5
42 0.670473097874242 0.43333333333333335
43 0.6629121287334865 0.48333333333333334
44 0.708627093315194 0.475
45 0.7108219267242915 0.475
46 0.6102362725361198 0.4166666666666667
47 0.6750903509322275 0.4666666666666667
48 0.6116903499782981 0.3333333333333333
49 0.6413460447341455 0.425
50 0.7000620907047299 0.4583333333333333
51 0.6489233008226906 0.36666666666666664
52 0.6643152623910824 0.45
53 0.6742455348956493 0.43333333333333335
54 0.7038607606705243 0.475
55 0.6831458998836573 0.475
56 0.69277683848767 0.4666666666666667
57 0.6996632591946856 0.525
58 0.6906080359367163 0.4583333333333333
59 0.6868724219786768 0.475
60 0.6568229093081115 0.39166666666666666
61 0.6840086195946607 0.4583333333333333
62 0.7158175006026264 0.49166666666666664
63 0.6482196445586226 0.475
64 0.6757075054786725 0.45
65 0.7013550688681887 0.44166666666666665
66 0.7343554676839956 0.5
67 0.6637192259304387 0.44166666666666665
68 0.7137478993560611 0.5083333333333333
69 0.6523053874622142 0.4666666666666667
70 0.7213554519808525 0.4666666666666667
71 0.6506318786646017 0.45
72 0.6752291803656412 0.4
73 0.686705959122664 0.49166666666666664
74 0.6799071215588377 0.4583333333333333
75 0.6841428975014024 0.45
76 0.6576078505442349 0.4
77 0.6896720037907681 0.475
78 0.7070888088689005 0.475
79 0.6653139843093314 0.4083333333333333
80 0.6758100474433044 0.4083333333333333
81 0.6625374853104067 0.4583333333333333
82 0.6769500844043941 0.475
83 0.6827338430250711 0.49166666666666664
84 0.68598172660461 0.5083333333333333
85 0.6814110587183813 0.525
86 0.6840046042496082 0.4666666666666667
87 0.6823032989441838 0.4666666666666667
88 0.6915958276235162 0.45
89 0.6933541069039162 0.4666666666666667
90 0.6711849545911331 0.425
91 0.7187994278258961 0.5166666666666667
92 0.703981578892334 0.475
93 0.7350190481693915 0.5166666666666667
94 0.6804398211162515 0.4583333333333333
95 0.7290761119604751 0.525
96 0.6903278313629191 0.425
97 0.7006111719057563 0.475
98 0.7293111734100293 0.5083333333333333
99 0.714352954520689 0.5083333333333333
